6.910555555555556
10.77462962962963
9.499814814814815
8.040185185185186
7.0125925925925925
8.85574074074074
9.149814814814814
5.455185185185186
7.385
6.311296296296296
5.384444444444444
5.903333333333333
5.505925925925926
5.7807407407407405
7.778148148148148
6.202407407407407
5.208888888888889
5.658333333333333
5.297962962962963
5.636296296296297
5.388148148148148
5.863148148148148
6.182592592592592
5.065555555555555
5.509814814814815
4.768888888888889
4.702592592592593
5.25
4.593703703703704
4.238888888888889
4.350740740740741
4.006111111111111
4.66925925925926
4.453333333333333
4.105
5.524629629629629
5.4440740740740745
4.0472222222222225
4.36962962962963
4.3190740740740745
5.004814814814814
4.459074074074074
4.078333333333333
3.754074074074074
3.753888888888889
6.597037037037037
3.7288888888888887
3.822037037037037
3.7816666666666667
3.908148148148148
3.9155555555555557
3.6262962962962964
3.5244444444444443
4.465925925925926
5.114444444444445
3.555925925925926
3.747592592592593
4.017037037037037
4.180370370370371
3.595
4.602777777777778
3.3374074074074076
3.565185185185185
3.212222222222222
3.7774074074074075
3.698148148148148
3.223888888888889
3.030925925925926
3.1133333333333333
3.381666666666667
2.9535185185185187
2.7725925925925927
3.3975925925925927
3.3264814814814816
3.105185185185185
3.1262962962962964
3.3027777777777776
3.22962962962963
2.8314814814814815
4.046666666666667
3.0746296296296296
2.7425925925925925
2.5551851851851852
3.214259259259259
2.7374074074074075
3.0794444444444444
2.7116666666666664
2.716666666666667
2.742037037037037
2.7422222222222223
2.587962962962963
2.716296296296296
2.5724074074074075
2.5098148148148147
2.3422222222222224
2.5742592592592595
2.7344444444444442
2.8405555555555555
3.1546296296296297
2.492962962962963
