-24691.0
-42293.0
-34369.0
-29889.0
-25734.0
-33717.0
-33859.0
-18640.0
-27723.0
-22326.0
-17947.0
-20528.0
-18709.0
-19835.0
-28400.0
-21541.0
-17392.0
-19228.0
-17060.0
-18805.0
-17904.0
-20939.0
-19575.0
-16574.0
-18059.0
-15847.0
-15430.0
-16846.0
-14687.0
-12851.0
-13721.0
-11536.0
-14667.0
-13675.0
-11884.0
-15753.0
-16604.0
-12390.0
-13730.0
-12326.0
-16669.0
-14338.0
-12138.0
-10722.0
-10996.0
-23838.0
-10129.0
-11230.0
-11476.0
-11307.0
-10343.0
-10457.0
-9882.0
-12855.0
-13735.0
-10104.0
-9598.0
-12612.0
-12444.0
-10155.0
-12639.0
-8590.0
-9386.0
-8636.0
-12032.0
-10851.0
-8081.0
-8172.0
-8223.0
-9510.0
-7146.0
-6847.0
-9171.0
-8540.0
-7362.0
-7680.0
-8977.0
-8926.0
-6660.0
-12387.0
-6326.0
-6794.0
-6356.0
-7345.0
-6857.0
-6142.0
-5396.0
-5537.0
-6381.0
-5823.0
-5532.0
-6123.0
-5536.0
-5023.0
-4641.0
-6092.0
-5574.0
-6651.0
-6806.0
-6410.0
