37317
58183
51299
43417
37868
47821
49409
29458
39879
34081
29076
31878
29732
31216
42002
33493
28128
30555
28609
30436
29096
31661
33386
27354
29753
25752
25394
28350
24806
22890
23494
21633
25214
24048
22167
29833
29398
21855
23596
23323
27026
24079
22023
20272
20271
35624
20136
20639
20421
21104
21144
19582
19032
24116
27618
19202
20237
21692
22574
19413
24855
18022
19252
17346
20398
19970
17409
16367
16812
18261
15949
14972
18347
17963
16768
16882
17835
17440
15290
21852
16603
14810
13798
17357
14782
16629
14643
14670
14807
14808
13975
14668
13891
13553
12648
13901
14766
15339
17035
13462
