-30007.0
-43739.0
-27252.0
-27682.0
-26629.0
-24114.0
-30300.0
-23057.0
-35679.0
-24323.0
-17660.0
-21857.0
-28502.0
-17226.0
-24476.0
-54997.0
-31997.0
-20227.0
-21682.0
-32202.0
-30418.0
-19083.0
-18536.0
-32241.0
-30225.0
-26528.0
-19696.0
-25204.0
-26010.0
-55406.0
-25425.0
-26489.0
-57328.0
-29285.0
-33150.0
-28661.0
-39954.0
-39053.0
-151523.0
-63931.0
-75556.0
-46647.0
-54723.0
-80588.0
-87875.0
-77748.0
-56923.0
-33137.0
-79932.0
-51692.0
-50084.0
-86443.0
-119747.0
-59550.0
-175419.0
-118496.0
-231991.0
-46417.0
-361807.0
-36540.0
-225938.0
-281714.0
-149411.0
-60884.0
-385888.0
-122398.0
-138684.0
-347120.0
-312248.0
-292492.0
-163547.0
-464490.0
-190624.0
-295518.0
-259701.0
-335268.0
-540118.0
-468079.0
-528490.0
-724359.0
-681956.0
-943861.0
-1050035.0
-749158.0
-736534.0
-703563.0
-1069293.0
-1039164.0
-894009.0
-1187614.0
-1057446.0
-1355487.0
-893400.0
-1179675.0
-2589912.0
-2741876.0
-1794235.0
-2012008.0
-2187219.0
-1905229.0
