41550
61672
41068
41213
38297
37236
42433
34366
48150
36066
28485
32917
41325
28113
37240
73284
44589
31793
34245
44991
43009
30207
30603
44134
42575
38960
30307
37509
37756
70578
36712
39377
74935
41382
46081
46405
55482
51702
173044
86715
92669
61507
68529
99364
107457
98266
73683
46735
101296
66874
65007
107394
146067
83610
213463
144509
273894
60740
408627
50938
278624
319973
177491
76556
435034
152451
175021
398969
354314
345019
201062
515700
224454
331907
302577
379299
595442
516530
595250
805476
767005
1011590
1122755
838944
821710
795244
1199728
1151370
1020788
1262603
1141532
1459299
968131
1286750
2721777
2847368
1843769
2050984
2216102
1927491
