7.694444444444445
11.42074074074074
7.605185185185185
7.632037037037037
7.092037037037037
6.895555555555555
7.857962962962963
6.364074074074074
8.916666666666666
6.678888888888889
5.275
6.095740740740741
7.652777777777778
5.206111111111111
6.896296296296296
13.571111111111112
8.257222222222222
5.8875925925925925
6.341666666666667
8.331666666666667
7.96462962962963
5.5938888888888885
5.667222222222223
8.172962962962963
7.8842592592592595
7.214814814814815
5.6124074074074075
6.946111111111111
6.991851851851852
13.07
6.798518518518518
7.292037037037037
13.876851851851852
7.663333333333333
8.533518518518518
8.593518518518518
10.274444444444445
9.574444444444444
32.04518518518518
16.058333333333334
17.160925925925927
11.390185185185185
12.690555555555555
18.40074074074074
19.899444444444445
18.197407407407407
13.645
8.65462962962963
18.758518518518517
12.384074074074075
12.038333333333334
19.887777777777778
27.049444444444443
15.483333333333333
39.53018518518518
26.760925925925925
50.721111111111114
11.248148148148148
75.67166666666667
9.432962962962963
51.59703703703704
59.25425925925926
32.8687037037037
14.177037037037037
80.56185185185186
28.231666666666666
32.4112962962963
73.88314814814815
65.6137037037037
63.892407407407404
37.2337037037037
95.5
41.565555555555555
61.46425925925926
56.03277777777778
70.24055555555556
110.26703703703704
95.6537037037037
110.23148148148148
149.16222222222223
142.03796296296295
187.3314814814815
207.9175925925926
155.36
152.1685185185185
147.2674074074074
222.17185185185184
213.21666666666667
189.0348148148148
233.81537037037037
211.39481481481482
270.24055555555555
179.28351851851852
238.28703703703704
504.03277777777777
527.2903703703704
341.4387037037037
379.8118518518518
410.38925925925923
356.9427777777778
