-34281.0
-30101.0
-21984.0
-26178.0
-21173.0
-21629.0
-24155.0
-21095.0
-16036.0
-21946.0
-27985.0
-31011.0
-25392.0
-20901.0
-24093.0
-37957.0
-38301.0
-54830.0
-29324.0
-38250.0
-25764.0
-25024.0
-25575.0
-32992.0
-24673.0
-25073.0
-24503.0
-29127.0
-50710.0
-34346.0
-48511.0
-122218.0
-23869.0
-19540.0
-47925.0
-88834.0
-25269.0
-28101.0
-34588.0
-84197.0
-35867.0
-69605.0
-31252.0
-90017.0
-210564.0
-30576.0
-230532.0
-33632.0
-35417.0
-53135.0
-128706.0
-88110.0
-112540.0
-91272.0
-170500.0
-144858.0
-193714.0
-95905.0
-81875.0
-164168.0
-318554.0
-165376.0
-281084.0
-156911.0
-95003.0
-133941.0
-388392.0
-127355.0
-377545.0
-173390.0
-257226.0
-79224.0
-347432.0
-373260.0
-345075.0
-819887.0
-528141.0
-442450.0
-650570.0
-420589.0
-764501.0
-741869.0
-326733.0
-830713.0
-604437.0
-623726.0
-935810.0
-746290.0
-774494.0
-1110162.0
-1186965.0
-1231528.0
-1427598.0
-1709070.0
-1330382.0
-1683229.0
-1683558.0
-1912779.0
-2108309.0
-1894838.0
