50905
43490
34721
38548
32642
32805
37376
34355
27744
34181
39666
44685
35837
32917
35861
52747
53486
72201
42911
51090
38496
37488
41845
45238
36791
37176
36385
41524
66097
47884
62845
148396
33959
30444
65706
114460
37817
39922
45272
109375
51127
87250
43289
110429
244549
43564
260791
46255
49101
68487
153068
109692
135876
114194
209790
175223
237087
121326
104330
199941
377453
200450
318865
179795
121276
170578
440464
153531
437621
209067
304294
96068
394255
428440
392165
898398
588981
499228
725779
488541
876903
810903
384354
942552
673448
712728
1043871
843330
879764
1231315
1304528
1342874
1520194
1818508
1414013
1743214
1736871
1952780
2149023
1908932
