9.426851851851852
8.053703703703704
6.429814814814815
7.138518518518518
6.044814814814814
6.075
6.921481481481481
6.362037037037037
5.137777777777778
6.329814814814815
7.345555555555555
8.275
6.636481481481481
6.095740740740741
6.640925925925926
9.767962962962963
9.904814814814815
13.370555555555555
7.946481481481482
9.46111111111111
7.128888888888889
6.942222222222222
7.749074074074074
8.377407407407407
6.813148148148148
6.884444444444444
6.737962962962963
7.689629629629629
12.240185185185185
8.867407407407407
11.637962962962963
27.480740740740742
6.288703703703704
5.637777777777778
12.167777777777777
21.196296296296296
7.003148148148148
7.392962962962963
8.383703703703704
20.25462962962963
9.467962962962963
16.15740740740741
8.016481481481481
20.449814814814815
45.28685185185185
8.067407407407407
48.29462962962963
8.565740740740742
9.092777777777778
12.682777777777778
28.345925925925926
20.313333333333333
25.162222222222223
21.147037037037038
38.85
32.44870370370371
43.905
22.467777777777776
19.32037037037037
37.02611111111111
69.8987037037037
37.120370370370374
59.04907407407408
33.29537037037037
22.458518518518517
31.58851851851852
81.5674074074074
28.43166666666667
81.04092592592593
38.71611111111111
56.35074074074074
17.790370370370372
73.01018518518518
79.34074074074074
72.62314814814815
166.37
109.07055555555556
92.44962962962963
134.40351851851852
90.47055555555555
162.38944444444445
150.16722222222222
71.17666666666666
174.54666666666665
124.71259259259259
131.98666666666668
193.30944444444444
156.17222222222222
162.91925925925926
228.0212962962963
241.57925925925926
248.68037037037038
281.5174074074074
336.76074074074074
261.85425925925927
322.8174074074074
321.6427777777778
361.6259259259259
397.96722222222223
353.5059259259259
