6.6540740740740745
6.187037037037037
7.711296296296296
7.008333333333334
8.079814814814815
5.66925925925926
16.429259259259258
5.848333333333334
6.41962962962963
7.317777777777778
6.096851851851852
6.2588888888888885
5.613148148148148
5.528148148148148
6.925925925925926
5.19962962962963
5.284814814814815
4.136111111111111
5.701296296296296
5.238518518518519
4.62074074074074
4.788518518518519
5.485185185185185
4.217592592592593
4.085925925925926
4.618888888888889
4.775740740740741
6.193148148148148
5.298518518518518
4.416666666666667
5.169444444444444
5.024629629629629
4.784074074074074
4.7
4.1214814814814815
5.006481481481481
3.960185185185185
4.211666666666667
3.9325925925925924
4.502962962962963
4.033333333333333
4.122962962962963
3.57
4.037407407407407
3.8385185185185184
3.456111111111111
3.7862962962962965
3.3435185185185183
3.613703703703704
3.613148148148148
3.6798148148148146
3.080925925925926
3.362962962962963
3.357222222222222
3.6596296296296296
2.8696296296296295
3.4824074074074076
3.728148148148148
4.003703703703704
3.5474074074074076
4.158148148148148
3.178888888888889
3.247037037037037
3.2503703703703706
3.5281481481481483
3.113148148148148
3.5877777777777777
2.8174074074074076
2.915
2.966851851851852
3.048703703703704
2.9214814814814813
2.7394444444444446
3.1246296296296294
3.0677777777777777
3.6662962962962964
2.617962962962963
2.7998148148148148
2.666851851851852
2.607222222222222
3.0
2.3085185185185186
2.6555555555555554
2.8105555555555557
2.7855555555555553
2.9803703703703706
2.6635185185185186
2.7307407407407407
2.7396296296296296
2.6464814814814814
2.756666666666667
2.53
2.5342592592592594
2.357037037037037
2.522037037037037
2.496111111111111
2.8116666666666665
2.3885185185185187
94.40462962962962
2.6012962962962964
