35932
33410
41641
37845
43631
30614
88718
31581
34666
39516
32923
33798
30311
29852
37400
28078
28538
22335
30787
28288
24952
25858
29620
22775
22064
24942
25789
33443
28612
23850
27915
27133
25834
25380
22256
27035
21385
22743
21236
24316
21780
22264
19278
21802
20728
18663
20446
18055
19514
19511
19871
16637
18160
18129
19762
15496
18805
20132
21620
19156
22454
17166
17534
17552
19052
16811
19374
15214
15741
16021
16463
15776
14793
16873
16566
19798
14137
15119
14401
14079
16200
12466
14340
15177
15042
16094
14383
14746
14794
14291
14886
13662
13685
12728
13619
13479
15183
12898
509785
14047
