-23357.0
-21795.0
-28757.0
-25582.0
-29130.0
-19224.0
-68528.0
-20158.0
-22743.0
-25834.0
-21720.0
-21588.0
-19392.0
-18790.0
-23869.0
-16629.0
-16961.0
-12970.0
-18733.0
-17660.0
-14927.0
-15888.0
-16684.0
-12589.0
-12369.0
-14765.0
-14937.0
-20793.0
-17111.0
-12894.0
-17964.0
-16230.0
-15348.0
-15338.0
-12389.0
-13839.0
-11072.0
-13157.0
-11113.0
-12644.0
-11349.0
-12540.0
-9688.0
-12260.0
-11434.0
-8871.0
-10981.0
-8792.0
-10540.0
-9675.0
-10165.0
-8461.0
-9541.0
-8456.0
-9004.0
-7283.0
-8094.0
-10310.0
-12053.0
-9544.0
-10586.0
-8269.0
-8960.0
-9127.0
-10219.0
-7475.0
-10015.0
-7474.0
-6772.0
-6884.0
-7174.0
-7598.0
-6461.0
-7723.0
-8147.0
-10870.0
-6126.0
-6610.0
-6100.0
-6236.0
-6343.0
-4754.0
-6322.0
-6366.0
-6172.0
-6313.0
-5047.0
-5838.0
-5632.0
-6218.0
-5452.0
-5641.0
-5040.0
-4743.0
-5467.0
-6713.0
-6393.0
-5014.0
-479957.0
-6153.0
