36840
46124
42037
40600
43145
35825
33849
45918
34690
31951
31596
30359
27141
29193
29590
32066
34277
27870
31032
27937
25776
26098
26213
27347
28606
30945
25754
27158
26368
23340
21323
22695
25222
20429
23368
21606
24057
17887
23441
34743
20702
18691
19922
19863
21355
21918
19315
20953
20981
17804
18092
18483
17843
18140
17549
16290
20006
16585
18984
18865
20416
18618
16432
15550
16722
16744
18337
16021
15976
17221
16124
18086
15422
15775
15227
13780
15523
13946
14407
14949
16830
13900
14206
14019
14432
15770
14851
14802
15906
13956
13695
13769
12337
13812
11770
11025
12553
13085
15801
12671
