-23802.0
-31574.0
-28576.0
-27522.0
-30471.0
-24001.0
-21530.0
-32357.0
-23374.0
-20552.0
-19809.0
-19685.0
-17222.0
-18165.0
-17229.0
-19456.0
-22217.0
-16801.0
-19524.0
-16905.0
-15670.0
-14664.0
-13399.0
-16351.0
-18086.0
-19066.0
-15047.0
-15887.0
-15209.0
-12870.0
-11893.0
-12439.0
-14235.0
-10815.0
-13076.0
-10513.0
-13544.0
-8869.0
-13306.0
-18931.0
-10623.0
-9440.0
-10591.0
-10297.0
-11977.0
-11223.0
-10576.0
-10973.0
-11048.0
-8704.0
-8813.0
-8943.0
-8832.0
-8117.0
-6566.0
-7563.0
-9370.0
-7167.0
-8927.0
-8853.0
-9399.0
-9012.0
-7278.0
-7002.0
-7420.0
-7776.0
-8389.0
-7642.0
-6890.0
-8237.0
-6924.0
-9084.0
-6888.0
-7049.0
-6627.0
-5779.0
-6815.0
-5790.0
-6443.0
-6591.0
-6598.0
-6062.0
-6026.0
-5645.0
-5934.0
-5354.0
-5071.0
-6306.0
-7206.0
-5463.0
-5135.0
-5507.0
-4575.0
-5466.0
-4577.0
-4256.0
-5099.0
-4731.0
-5755.0
-5487.0
