6.822222222222222
8.541481481481481
7.78462962962963
7.518518518518518
7.989814814814815
6.6342592592592595
6.2683333333333335
8.503333333333334
6.424074074074074
5.916851851851852
5.851111111111111
5.622037037037037
5.026111111111111
5.4061111111111115
5.479629629629629
5.938148148148148
6.3475925925925925
5.161111111111111
5.746666666666667
5.173518518518518
4.773333333333333
4.832962962962963
4.854259259259259
5.064259259259259
5.297407407407407
5.730555555555555
4.769259259259259
5.029259259259259
4.882962962962963
4.322222222222222
3.948703703703704
4.2027777777777775
4.670740740740741
3.783148148148148
4.327407407407407
4.001111111111111
4.455
3.3124074074074072
4.340925925925926
6.433888888888889
3.8337037037037036
3.4612962962962963
3.6892592592592592
3.6783333333333332
3.9546296296296295
4.058888888888889
3.5768518518518517
3.8801851851851854
3.8853703703703704
3.297037037037037
3.35037037037037
3.4227777777777777
3.3042592592592595
3.359259259259259
3.249814814814815
3.0166666666666666
3.704814814814815
3.071296296296296
3.5155555555555558
3.4935185185185187
3.780740740740741
3.4477777777777776
3.042962962962963
2.8796296296296298
3.0966666666666667
3.100740740740741
3.3957407407407407
2.966851851851852
2.9585185185185185
3.189074074074074
2.985925925925926
3.3492592592592594
2.8559259259259258
2.9212962962962963
2.8198148148148148
2.551851851851852
2.8746296296296294
2.5825925925925928
2.667962962962963
2.7683333333333335
3.1166666666666667
2.574074074074074
2.6307407407407406
2.596111111111111
2.6725925925925926
2.9203703703703705
2.750185185185185
2.741111111111111
2.9455555555555555
2.5844444444444443
2.536111111111111
2.5498148148148148
2.2846296296296296
2.557777777777778
2.1796296296296296
2.0416666666666665
2.3246296296296296
2.4231481481481483
2.926111111111111
2.3464814814814816
