-23994.0
-36091.0
-22786.0
-30915.0
-21546.0
-24831.0
-17769.0
-28125.0
-27544.0
-31605.0
-22850.0
-22404.0
-75724.0
-24688.0
-26447.0
-22926.0
-47997.0
-37220.0
-25245.0
-22014.0
-23641.0
-27275.0
-45139.0
-26704.0
-27859.0
-24882.0
-39089.0
-53461.0
-24435.0
-19213.0
-60585.0
-70957.0
-31237.0
-33658.0
-39704.0
-166957.0
-37229.0
-25899.0
-26111.0
-35399.0
-138225.0
-49035.0
-165010.0
-123403.0
-160977.0
-48970.0
-80889.0
-65470.0
-41337.0
-233250.0
-47923.0
-118965.0
-94214.0
-280300.0
-260518.0
-40288.0
-154886.0
-61236.0
-126227.0
-84858.0
-152797.0
-121004.0
-229408.0
-243023.0
-275307.0
-286190.0
-281089.0
-255528.0
-534358.0
-123865.0
-202053.0
-238427.0
-331580.0
-574981.0
-281055.0
-227605.0
-278103.0
-689878.0
-392926.0
-584314.0
-587624.0
-660598.0
-1000580.0
-717049.0
-603546.0
-972962.0
-1231485.0
-926597.0
-1147650.0
-975701.0
-1119257.0
-1132278.0
-1103060.0
-1673354.0
-1656378.0
-1878669.0
-2028473.0
-3102937.0
-3337614.0
-1964212.0
