6.798333333333333
9.48
6.5
8.578148148148149
6.16925925925926
6.8207407407407405
5.293888888888889
7.502222222222223
7.660555555555556
8.475
6.529629629629629
6.079814814814815
17.61925925925926
6.8372222222222225
7.393703703703704
6.600740740740741
12.227222222222222
9.642407407407408
6.864074074074074
6.358333333333333
6.595555555555555
7.466296296296297
12.221851851851852
7.33537037037037
7.052962962962963
6.817962962962963
9.945185185185185
12.45037037037037
6.796481481481481
5.741851851851852
14.344444444444445
16.90537037037037
8.381481481481481
8.672592592592592
9.962407407407408
38.11944444444445
9.510185185185184
6.7283333333333335
6.858333333333333
9.607407407407408
30.903518518518517
11.786111111111111
36.412962962962965
27.16925925925926
35.343148148148146
12.224074074074075
17.93166666666667
15.278333333333334
10.099444444444444
48.86518518518518
11.587592592592593
25.927592592592593
21.188148148148148
60.35388888888889
58.795
9.768888888888888
36.44722222222222
15.09851851851852
28.358703703703704
19.65574074074074
36.35166666666667
28.21611111111111
48.51277777777778
51.53407407407408
60.068518518518516
60.394444444444446
61.18037037037037
54.587037037037035
107.86259259259259
28.499074074074073
43.7562962962963
51.7112962962963
71.24462962962963
117.89259259259259
59.73740740740741
50.60740740740741
58.19166666666667
142.37722222222223
83.69462962962963
123.16740740740741
125.11796296296296
135.94555555555556
202.24944444444444
152.9261111111111
126.47740740740741
205.47611111111112
253.73
193.40796296296296
236.38333333333333
200.61685185185186
226.8411111111111
231.5762962962963
220.93092592592592
324.6175925925926
326.36240740740743
356.9894444444444
383.86611111111114
584.1492592592592
635.5466666666666
367.23333333333335
