36711
51192
35100
46322
33314
36832
28587
40512
41367
45765
35260
32831
95144
36921
39926
35644
66027
52069
37066
34335
35616
40318
65998
39611
38086
36817
53704
67232
36701
31006
77460
91289
45260
46832
53797
205845
51355
36333
37035
51880
166879
63645
196630
146714
190853
66010
96831
82503
54537
263872
62573
140009
114416
325911
317493
52752
196815
81532
153137
106141
196299
152367
261969
278284
324370
326130
330374
294770
582458
153895
236284
279241
384721
636620
322582
273280
314235
768837
451951
665104
675637
734106
1092147
825801
682978
1109571
1370142
1044403
1276470
1083331
1224942
1250512
1193027
1752935
1762357
1927743
2072877
3154406
3431952
1983060
